gazou/sugi-R4-1.bmp,gazou/3sugi-R4-1.bmp,12,2,1.1,1,[14, 43],[14, 299],[270, 299],[270, 43][18, 44],[10, 303],[270, 299],[270, 43],0.139187
gazou/sugi-R4-2.bmp,gazou/3sugi-R4-2.bmp,12,2,0.9,0.9,[26, 19],[26, 275],[282, 275],[282, 19][25, 20],[29, 273],[282, 275],[282, 19],0.138719
gazou/sugi-R4-3.bmp,gazou/3sugi-R4-3.bmp,12,2,0.9,0.9,[36, 20],[36, 276],[292, 276],[292, 20][40, 24],[35, 274],[292, 276],[291, 20],0.136749
gazou/sugi-L3-1.bmp,gazou/3sugi-L3-1.bmp,-12,1,1,1.1,[424, 143],[424, 399],[680, 399],[680, 143][439, 154],[424, 399],[680, 399],[680, 143],0.148264
gazou/sugi-L3-2.bmp,gazou/3sugi-L3-2.bmp,8,0,0.9,1.1,[349, 141],[349, 397],[605, 397],[605, 141][352, 142],[349, 397],[605, 397],[605, 141],0.142385
gazou/sugi-L3-3.bmp,gazou/3sugi-L3-3.bmp,4,3,0.9,0.9,[186, 10],[186, 266],[442, 266],[442, 10][191, 14],[182, 270],[442, 266],[441, 4],0.147435
gazou/taka-R2-1.bmp,gazou/3taka-R2-1.bmp,12,0,0.9,1,[74, 27],[74, 283],[330, 283],[330, 27][67, 23],[74, 283],[330, 283],[326, 23],0.151886
gazou/taka-R2-2.bmp,gazou/3taka-R2-2.bmp,12,3,0.9,1.1,[406, 9],[406, 265],[662, 265],[662, 9][409, 12],[407, 262],[662, 265],[662, 9],0.140278
gazou/taka-R2-3.bmp,gazou/3taka-R2-3.bmp,12,3,0.9,0.9,[197, 17],[197, 273],[453, 273],[453, 17][200, 18],[193, 273],[453, 273],[453, 17],0.142663
gazou/taka-R2-4.bmp,gazou/3taka-R2-4.bmp,12,1,0.9,1,[83, 12],[83, 268],[339, 268],[339, 12][80, 11],[83, 268],[339, 268],[339, 12],0.131861
gazou/taka-R2-1.bmp,gazou/3taka-R2-5.bmp,4,3,0.9,1.1,[632, 2],[632, 258],[888, 258],[888, 2][632, 5],[638, 249],[888, 258],[888, 2],0.149093
gazou/taka-R2-2.bmp,gazou/3taka-R2-6.bmp,8,0,0.9,0.9,[35, 17],[35, 273],[291, 273],[291, 17][36, 16],[31, 281],[291, 273],[291, 17],0.141722
gazou/taka-R3-1.bmp,gazou/3taka-R3-1.bmp,-12,3,0.9,1.1,[972, 15],[972, 271],[1228, 271],[1228, 15][973, 13],[971, 271],[1228, 271],[1228, 15],0.11672
gazou/taka-R3-2.bmp,gazou/3taka-R3-2.bmp,-8,3,0.9,1,[843, 9],[843, 265],[1099, 265],[1099, 9][842, 10],[843, 265],[1099, 265],[1099, 9],0.128207
gazou/taka-R3-3.bmp,gazou/3taka-R3-3.bmp,8,0,0.9,1.1,[802, 531],[802, 787],[1058, 787],[1058, 531][798, 529],[803, 789],[1058, 787],[1055, 526],0.150346
