gazou/1-1.bmp,gazou/o-0.bmp,12,3,1.1,1,[180, 157],[180, 413],[436, 413],[436, 157][179, 159],[182, 411],[436, 413],[438, 149],0.0969627
gazou/1-1.bmp,gazou/o-1.bmp,12,2,0.9,1,[304, 223],[304, 479],[560, 479],[560, 223][302, 222],[287, 486],[560, 479],[560, 223],0.109011
gazou/1-1.bmp,gazou/o-2.bmp,12,0,0.9,1.1,[322, 210],[322, 466],[578, 466],[578, 210][321, 211],[326, 461],[578, 466],[578, 210],0.0895362
gazou/1-1.bmp,gazou/o-3.bmp,-8,2,1.1,1,[245, 223],[245, 479],[501, 479],[501, 223][246, 223],[245, 479],[501, 479],[499, 221],0.0874001
gazou/1-1.bmp,gazou/o-4.bmp,-12,3,0.9,1.1,[3, 219],[3, 475],[259, 475],[259, 219][6, 221],[-2, 477],[259, 475],[259, 219],0.0811071
gazou/1-1.bmp,gazou/o-5.bmp,12,0,0.9,0.9,[326, 216],[326, 472],[582, 472],[582, 216][325, 217],[330, 470],[582, 472],[582, 216],0.0795926
gazou/1-1.bmp,gazou/o-6.bmp,-4,3,0.9,1.1,[181, 104],[181, 360],[437, 360],[437, 104][179, 102],[183, 356],[437, 360],[437, 104],0.0830168
gazou/1-1.bmp,gazou/o-7.bmp,-12,0,0.9,1.1,[262, 73],[262, 329],[518, 329],[518, 73][266, 76],[263, 330],[518, 329],[514, 70],0.0842231
gazou/1-1.bmp,gazou/o-8.bmp,12,0,0.9,1.1,[289, 189],[289, 445],[545, 445],[545, 189][286, 188],[289, 445],[545, 445],[545, 189],0.0815553
gazou/1-1.bmp,gazou/o-9.bmp,4,3,0.9,1,[176, 130],[176, 386],[432, 386],[432, 130][177, 129],[179, 384],[432, 386],[432, 130],0.092713
gazou/1-1.bmp,gazou/o-10.bmp,8,2,0.9,1,[380, 224],[380, 480],[636, 480],[636, 224][388, 230],[380, 477],[636, 480],[636, 224],0.0843734
gazou/1-1.bmp,gazou/o-11.bmp,-4,2,1.1,0.9,[239, 87],[239, 343],[495, 343],[495, 87][242, 91],[239, 343],[495, 343],[495, 87],0.0987361
gazou/1-1.bmp,gazou/o-12.bmp,-12,2,1.1,1,[10, 210],[10, 466],[266, 466],[266, 210][13, 211],[10, 466],[266, 466],[266, 210],0.0834897
gazou/1-1.bmp,gazou/o-13.bmp,-4,2,1.1,1,[279, 217],[279, 473],[535, 473],[535, 217][282, 218],[272, 479],[535, 473],[535, 217],0.0973556
gazou/1-1.bmp,gazou/o-14.bmp,12,0,1,1,[271, 222],[271, 478],[527, 478],[527, 222][269, 216],[271, 478],[527, 478],[527, 222],0.0942851
gazou/1-1.bmp,gazou/o-15.bmp,12,1,0.9,1,[298, 220],[298, 476],[554, 476],[554, 220][299, 219],[298, 476],[554, 476],[554, 220],0.0777596
gazou/1-1.bmp,gazou/o-16.bmp,-4,2,0.9,1.1,[68, 85],[68, 341],[324, 341],[324, 85][65, 85],[68, 341],[324, 341],[324, 85],0.0824769
gazou/1-1.bmp,gazou/o-17.bmp,-4,2,1.1,1.1,[85, 214],[85, 470],[341, 470],[341, 214][83, 214],[85, 470],[341, 470],[341, 214],0.0803236
gazou/1-1.bmp,gazou/o-18.bmp,-4,0,1,1.1,[156, 133],[156, 389],[412, 389],[412, 133][160, 133],[151, 393],[412, 389],[409, 134],0.0851313
gazou/1-1.bmp,gazou/o-19.bmp,-8,0,1,1.1,[156, 204],[156, 460],[412, 460],[412, 204][158, 205],[156, 460],[412, 460],[412, 204],0.0790835
gazou/1-1.bmp,gazou/o-20.bmp,-4,2,0.9,0.9,[64, 115],[64, 371],[320, 371],[320, 115][67, 117],[64, 371],[320, 371],[320, 115],0.0846295
gazou/1-1.bmp,gazou/o-21.bmp,4,2,1.1,1.1,[353, 199],[353, 455],[609, 455],[609, 199][355, 202],[354, 451],[609, 455],[609, 199],0.0968164
gazou/1-1.bmp,gazou/o-22.bmp,-8,2,1.1,1.1,[211, 0],[211, 256],[467, 256],[467, 0][211, -2],[211, 256],[467, 256],[467, 0],0.0896945
gazou/1-1.bmp,gazou/o-23.bmp,-8,3,0.9,0.9,[147, 123],[147, 379],[403, 379],[403, 123][146, 124],[149, 376],[403, 379],[403, 123],0.0766782
gazou/1-1.bmp,gazou/o-24.bmp,12,2,1.1,1.1,[383, 219],[383, 475],[639, 475],[639, 219][383, 220],[375, 485],[634, 468],[634, 218],0.0939481
gazou/1-1.bmp,gazou/o-25.bmp,8,2,1.1,1,[128, 222],[128, 478],[384, 478],[384, 222][129, 221],[128, 478],[384, 478],[380, 222],0.0878832
gazou/1-1.bmp,gazou/o-26.bmp,-4,3,1.1,1.1,[79, 195],[79, 451],[335, 451],[335, 195][78, 196],[79, 451],[335, 451],[335, 195],0.0819425
gazou/1-1.bmp,gazou/o-27.bmp,-12,3,1.1,1,[287, 24],[287, 280],[543, 280],[543, 24][281, 19],[287, 280],[543, 280],[543, 24],0.0860302
gazou/1-1.bmp,gazou/o-28.bmp,-4,0,1,1.1,[191, 62],[191, 318],[447, 318],[447, 62][197, 66],[191, 318],[447, 318],[447, 62],0.1018
gazou/1-1.bmp,gazou/o-29.bmp,12,0,1,1.1,[238, 220],[238, 476],[494, 476],[494, 220][236, 220],[238, 473],[494, 476],[496, 215],0.0947883
gazou/1-1.bmp,gazou/o-30.bmp,-12,2,1.1,1,[10, 210],[10, 466],[266, 466],[266, 210][13, 211],[10, 466],[266, 466],[266, 210],0.0834897

